0 1 3.754324472
0 1 3.754324472
0 2 20.48712029
0 3 19.18778095
1 0 3.754324472
1 0 3.754324472
2 0 20.48712029
3 0 19.18778095
3 4 201.9874648
3 4 131.0728743
3 4 131.0728743
4 3 201.9874648
4 3 131.0728743
4 3 131.0728743
4 5 1008.133081
5 4 1008.133081
6 7 113.8534475
6 7 113.8534475
7 6 113.8534475
7 6 113.8534475
7 8 186.325977
7 9 143.6497322
8 7 186.325977
9 7 143.6497322
10 11 574.0872494
11 10 574.0872494
11 12 120.8482372
11 14 431.3930825
12 11 120.8482372
13 14 944.0848939
14 13 944.0848939
14 11 431.3930825
14 20 668.57047
15 16 79.63849352
15 18 60.25164039
15 24 414.2659439
16 15 79.63849352
16 19 568.9510146
17 18 517.7572587
18 17 517.7572587
18 15 60.25164039
18 20 822.5407714
19 16 568.9510146
20 14 668.57047
20 18 822.5407714
20 272 4012.481869
21 22 270.0798584
22 21 270.0798584
22 23 62.32259362
22 83 697.3871711
23 22 62.32259362
24 15 414.2659439
24 25 91.03736107
24 26 11.60047811
25 24 91.03736107
26 24 11.60047811
26 27 80.09373462
26 30 68.32412301
27 26 80.09373462
27 28 51.31925437
27 30 53.39091961
28 29 65.40754439
28 27 51.31925437
28 35 104.8174723
29 28 65.40754439
30 26 68.32412301
30 27 53.39091961
30 34 48.02672986
31 32 111.5255323
31 33 65.86507809
31 35 43.86512469
32 31 111.5255323
33 31 65.86507809
34 30 48.02672986
34 46 65.15441361
34 50 56.66426691
35 28 104.8174723
35 31 43.86512469
35 56 82.34269066
36 37 66.43285657
36 38 8.449825266
36 39 124.8563061
37 36 66.43285657
37 38 10.40442995
37 87 231.9372108
38 37 10.40442995
38 36 8.449825266
38 104 428.8543226
39 36 124.8563061
40 41 49.74266576
40 53 26.1620776
40 54 33.93391476
41 40 49.74266576
42 43 25.32825531
42 77 128.9487195
43 42 25.32825531
43 48 28.80773601
43 64 55.91372424
44 45 128.6193984
45 44 128.6193984
45 50 70.44564547
45 52 29.22001323
46 34 65.15441361
46 47 35.62864519
46 56 36.5291995
47 46 35.62864519
48 43 28.80773601
48 49 12.89879795
48 64 41.54372561
49 48 12.89879795
50 45 70.44564547
50 34 56.66426691
50 57 22.55044352
51 52 129.1307356
52 51 129.1307356
52 45 29.22001323
52 58 27.75160093
53 40 26.1620776
54 40 33.93391476
54 55 39.1799966
54 84 106.3404237
55 54 39.1799966
56 46 36.5291995
56 35 82.34269066
56 62 17.98033082
57 50 22.55044352
58 52 27.75160093
58 59 82.6392354
58 78 58.67783663
59 58 82.6392354
60 61 3022.809057
61 60 3022.809057
61 71 1236.364881
61 234 928.3913821
62 56 17.98033082
62 63 60.17025963
62 67 22.9086437
63 62 60.17025963
64 43 55.91372424
64 48 41.54372561
64 65 8.03133738
65 64 8.03133738
65 66 38.73575538
65 79 55.69305799
66 65 38.73575538
67 62 22.9086437
67 68 4.26397554
67 69 39.23289214
68 67 4.26397554
68 72 35.40530237
68 75 25.83314289
69 70 53.72648195
69 67 39.23289214
69 78 182.44531
70 69 53.72648195
71 61 1236.364881
72 68 35.40530237
72 88 25.16324351
72 97 134.4051497
73 74 50.49157464
73 77 39.26164631
73 81 24.73633729
74 73 50.49157464
75 68 25.83314289
75 76 74.56238224
75 115 99.62581424
76 75 74.56238224
77 73 39.26164631
77 42 128.9487195
77 89 45.50118311
78 58 58.67783663
78 69 182.44531
78 103 65.10901302
79 65 55.69305799
79 80 35.61790437
79 90 28.33041313
80 79 35.61790437
81 73 24.73633729
81 93 97.01727121
81 99 31.46545306
82 83 128.5981381
83 82 128.5981381
83 22 697.3871711
83 94 18.76154671
83 108 149.2649448
84 54 106.3404237
84 85 52.15416944
84 93 13.91253093
85 84 52.15416944
86 87 78.04986304
87 86 78.04986304
87 37 231.9372108
87 100 188.0824275
88 72 25.16324351
88 92 20.7809513
88 114 74.59416269
89 77 45.50118311
89 90 21.45872575
89 99 89.00924378
90 89 21.45872575
90 79 28.33041313
90 91 12.65877236
91 90 12.65877236
91 116 57.17923368
91 117 100.9683305
92 88 20.7809513
92 95 27.03691483
92 114 49.40355807
93 84 13.91253093
93 81 97.01727121
93 113 42.04402503
94 83 18.76154671
94 96 28.47872221
94 106 21.26933794
95 92 27.03691483
95 110 76.42115523
95 129 83.99646961
96 94 28.47872221
96 98 29.80870247
96 105 18.42523231
97 72 134.4051497
97 103 75.91467
97 110 26.57234336
98 96 29.80870247
98 100 127.7040854
98 102 11.017829
99 81 31.46545306
99 89 89.00924378
99 101 11.09382702
100 98 127.7040854
100 87 188.0824275
100 104 9.884921726
101 99 11.09382702
101 113 92.67043781
101 119 111.5184603
102 98 11.017829
102 104 126.8400188
102 105 29.33230426
103 78 65.10901302
103 97 75.91467
103 109 54.44217954
103 118 43.62876077
104 102 126.8400188
104 100 9.884921726
104 38 428.8543226
105 96 18.42523231
105 102 29.33230426
105 106 28.36840284
106 94 21.26933794
106 105 28.36840284
106 174 232.051206
107 108 61.4174476
108 107 61.4174476
108 83 149.2649448
108 111 52.61768398
108 128 56.05545386
109 103 54.44217954
109 123 54.61120689
109 130 95.883002
110 97 26.57234336
110 95 76.42115523
110 112 5.407172408
111 108 52.61768398
112 110 5.407172408
112 118 80.8660852
112 133 86.63517049
113 93 42.04402503
113 101 92.67043781
113 115 29.72551934
114 92 49.40355807
114 88 74.59416269
114 125 37.89437275
115 75 99.62581424
115 113 29.72551934
115 124 69.44197263
115 139 74.63870086
116 91 57.17923368
116 121 19.60954269
116 122 56.86628015
117 91 100.9683305
118 103 43.62876077
118 112 80.8660852
118 120 9.295819559
119 101 111.5184603
119 121 36.19967416
119 135 115.1033173
120 118 9.295819559
120 123 23.38185531
120 145 75.33271377
121 119 36.19967416
121 116 19.60954269
121 134 40.74424315
122 116 56.86628015
123 109 54.61120689
123 120 23.38185531
123 127 37.94371259
124 115 69.44197263
124 125 20.25731058
124 142 66.10104561
125 114 37.89437275
125 124 20.25731058
125 126 12.87203589
126 125 12.87203589
126 129 18.28546097
126 144 57.83311344
127 123 37.94371259
127 130 27.15088602
127 146 69.3360571
128 108 56.05545386
128 140 64.20322476
129 95 83.99646961
129 126 18.28546097
129 133 54.01978581
130 109 95.883002
130 127 27.15088602
130 149 82.29088552
131 132 51.58108088
131 136 50.92087645
131 140 25.16915089
132 131 51.58108088
133 112 86.63517049
133 129 54.01978581
133 138 44.80684538
133 150 60.4802442
134 121 40.74424315
134 141 21.03709709
134 143 55.45988479
135 119 115.1033173
135 139 55.03661666
135 141 144.1657874
135 157 77.53753884
136 137 19.42172967
136 131 50.92087645
136 147 110.4459792
137 136 19.42172967
138 133 44.80684538
138 145 67.79989143
138 153 57.78316309
139 115 74.63870086
139 135 55.03661666
139 156 63.74431122
140 131 25.16915089
140 128 64.20322476
140 154 89.00250982
141 134 21.03709709
141 135 144.1657874
141 158 72.54814398
142 124 66.10104561
142 144 24.83526184
142 160 70.73656178
143 134 55.45988479
144 126 57.83311344
144 142 24.83526184
144 150 64.80168818
144 163 70.3707167
145 120 75.33271377
145 138 67.79989143
145 146 50.43290774
145 159 54.58338461
146 127 69.3360571
146 145 50.43290774
146 149 30.91878297
146 161 69.62616519
147 148 23.27801838
147 136 110.4459792
147 152 31.66296426
148 147 23.27801838
149 130 82.29088552
149 146 30.91878297
149 151 10.66785516
150 133 60.4802442
150 144 64.80168818
150 168 95.72193749
151 149 10.66785516
151 155 34.50140445
151 162 46.95375775
152 147 31.66296426
153 138 57.78316309
153 168 102.828378
153 175 86.97585862
153 177 95.76795228
154 140 89.00250982
154 165 118.7839592
154 169 76.71820488
155 151 34.50140445
155 164 45.52420123
156 139 63.74431122
156 160 79.00631775
156 166 46.70915858
157 135 77.53753884
158 141 72.54814398
159 145 54.58338461
159 161 50.99300131
159 180 65.4293776
160 142 70.73656178
160 156 79.00631775
160 163 41.45093773
161 146 69.62616519
161 162 27.74234653
161 159 50.99300131
162 151 46.95375775
162 161 27.74234653
162 164 34.41589471
163 144 70.3707167
163 160 41.45093773
163 178 76.36945906
164 155 45.52420123
164 162 34.41589471
164 180 156.5532177
165 154 118.7839592
166 156 46.70915858
166 167 33.26061083
166 170 67.29862586
167 166 33.26061083
168 153 102.828378
168 150 95.72193749
168 172 16.69314039
169 154 76.71820488
169 174 275.5523737
169 187 158.8524988
170 171 46.97760547
170 166 67.29862586
170 176 68.66992189
171 170 46.97760547
172 168 16.69314039
172 173 5.429004822
172 175 13.57316812
173 172 5.429004822
173 178 41.28390563
173 178 98.99391246
174 106 232.051206
174 169 275.5523737
174 190 157.6707498
175 153 86.97585862
175 172 13.57316812
175 177 25.96798669
176 170 68.66992189
177 153 95.76795228
177 175 25.96798669
177 180 69.56525833
177 181 64.38957643
178 173 41.28390563
178 163 76.36945906
178 179 26.47945306
178 173 98.99391246
179 178 26.47945306
180 159 65.4293776
180 177 69.56525833
180 164 156.5532177
180 182 76.92217648
181 177 64.38957643
182 180 76.92217648
183 184 79.31561338
184 183 79.31561338
184 185 222.3056565
184 186 96.68575471
185 184 222.3056565
186 184 96.68575471
186 187 67.66560976
186 196 128.0835116
187 186 67.66560976
187 169 158.8524988
187 191 53.36912304
188 189 253.4265356
189 188 253.4265356
190 174 157.6707498
190 191 183.1700571
190 192 26.01668159
191 187 53.36912304
191 190 183.1700571
191 204 143.7339386
192 190 26.01668159
192 193 1681.18431
192 194 40.44524079
193 192 1681.18431
193 236 909.3727702
193 236 1738.518105
194 192 40.44524079
194 199 34.43853488
194 201 146.0888751
195 196 36.97256813
195 197 84.10678559
195 202 35.25643393
196 195 36.97256813
196 186 128.0835116
196 204 159.2719919
197 198 181.4993343
197 195 84.10678559
197 200 134.3637927
197 206 101.4533016
198 197 181.4993343
199 194 34.43853488
199 205 123.4424951
199 212 103.9917881
200 197 134.3637927
200 203 54.80931704
200 211 132.7486118
201 194 146.0888751
201 204 81.37774293
201 205 42.29170971
202 195 35.25643393
202 206 55.43902511
202 215 127.6393448
203 200 54.80931704
203 210 996.0249999
203 218 140.1467639
204 191 143.7339386
204 201 81.37774293
204 196 159.2719919
204 213 65.76253461
205 201 42.29170971
205 199 123.4424951
205 207 73.44660377
206 197 101.4533016
206 202 55.43902511
206 216 67.6216413
207 205 73.44660377
208 209 371.3408638
209 208 371.3408638
210 203 996.0249999
211 200 132.7486118
211 214 10.04766705
211 218 114.10803
212 199 103.9917881
212 220 171.3745773
212 232 98.22610804
213 204 65.76253461
213 215 74.35095138
213 219 64.16915467
214 211 10.04766705
214 216 82.02163605
214 217 18.28582581
215 202 127.6393448
215 213 74.35095138
215 216 91.73151358
216 214 82.02163605
216 206 67.6216413
216 215 91.73151358
217 214 18.28582581
217 229 76.68451877
217 237 111.9736817
218 203 140.1467639
218 211 114.10803
218 249 234.1335418
219 213 64.16915467
219 221 67.69533417
219 225 37.28795221
220 212 171.3745773
220 225 92.50193735
220 230 45.22247984
221 219 67.69533417
221 222 51.28571029
221 231 42.51089009
222 223 33.89077594
222 221 51.28571029
222 224 8.476589247
223 222 33.89077594
224 222 8.476589247
224 226 27.95550138
224 233 36.2211619
225 219 37.28795221
225 220 92.50193735
225 231 45.77161537
225 240 98.41039382
226 224 27.95550138
226 227 6.96290976
226 233 105.003146
227 228 50.8814963
227 226 6.96290976
227 229 41.24228461
228 227 50.8814963
229 217 76.68451877
229 227 41.24228461
229 237 55.411545
230 220 45.22247984
230 232 154.8683153
230 248 115.8371866
231 221 42.51089009
231 225 45.77161537
231 235 27.96723499
232 230 154.8683153
232 212 98.22610804
232 245 96.42329566
233 224 36.2211619
233 235 24.28400707
233 226 105.003146
234 61 928.3913821
234 236 496.2099371
234 266 732.7860646
235 233 24.28400707
235 231 27.96723499
235 239 68.95911867
236 193 909.3727702
236 234 496.2099371
236 193 1738.518105
237 217 111.9736817
237 229 55.411545
237 238 42.59619888
238 237 42.59619888
238 242 129.5267101
238 249 62.10093652
239 235 68.95911867
239 244 41.11525147
239 246 22.12611731
240 225 98.41039382
240 241 17.29182713
240 246 78.69675613
240 247 31.90651242
241 240 17.29182713
242 243 10.09717276
242 238 129.5267101
242 253 71.37948888
243 242 10.09717276
244 239 41.11525147
245 232 96.42329566
245 248 145.3937061
245 260 164.1362785
246 239 22.12611731
246 240 78.69675613
246 253 73.46118929
247 240 31.90651242
247 250 28.55344545
247 254 52.554853
248 230 115.8371866
248 245 145.3937061
248 250 77.12916484
249 218 234.1335418
249 238 62.10093652
249 251 20.45257703
250 247 28.55344545
250 248 77.12916484
250 254 55.79844212
251 249 20.45257703
251 252 50.15063004
251 256 40.93044506
252 251 50.15063004
253 242 71.37948888
253 246 73.46118929
253 256 59.04750147
254 247 52.554853
254 250 55.79844212
254 255 7.794307202
255 254 7.794307202
255 257 45.02040678
255 261 162.5913847
256 251 40.93044506
256 253 59.04750147
256 264 295.9685046
257 258 39.54785708
257 255 45.02040678
257 259 51.27988472
258 257 39.54785708
259 257 51.27988472
260 245 164.1362785
260 261 258.6860502
260 262 142.9158319
261 255 162.5913847
261 260 258.6860502
261 264 75.04579118
262 260 142.9158319
262 263 315.6116376
262 265 357.2269206
263 262 315.6116376
264 256 295.9685046
264 261 75.04579118
264 265 147.5127247
265 264 147.5127247
265 262 357.2269206
265 320 2715.221707
266 234 732.7860646
266 272 600.3793596
266 275 1039.76256
267 268 960.9297309
267 269 11.7753881
267 270 932.0977892
268 267 960.9297309
269 267 11.7753881
269 271 939.5229618
269 309 1679.633252
270 267 932.0977892
271 269 939.5229618
272 266 600.3793596
272 20 4012.481869
272 273 487.0185899
273 272 487.0185899
273 274 210.1583156
273 278 133.2152539
274 273 210.1583156
275 266 1039.76256
276 277 59.45247145
277 276 59.45247145
277 281 187.4750896
277 282 92.21283982
278 273 133.2152539
278 279 9.433911969
278 283 241.3041782
279 278 9.433911969
279 280 265.8941402
279 286 240.859117
280 279 265.8941402
281 277 187.4750896
282 277 92.21283982
282 284 1604.220821
282 296 1242.854535
283 278 241.3041782
284 282 1604.220821
284 285 1817.978433
284 310 2294.670097
285 284 1817.978433
286 279 240.859117
286 287 352.3988576
286 288 171.1368618
286 291 72.2847924
287 286 352.3988576
288 286 171.1368618
288 289 86.13403967
288 292 52.10685574
289 288 86.13403967
289 290 2.399468305
289 293 124.0179596
290 289 2.399468305
291 286 72.2847924
291 292 169.0064834
291 295 128.3796255
292 288 52.10685574
292 291 169.0064834
292 299 168.1774151
293 289 124.0179596
293 294 174.9274879
293 298 90.56401682
294 293 174.9274879
295 291 128.3796255
295 296 22.15025662
295 297 116.3991659
296 295 22.15025662
296 282 1242.854535
296 310 480.0141676
297 295 116.3991659
297 299 56.09019219
297 302 65.99602158
298 293 90.56401682
298 300 52.9152334
298 305 64.87412328
299 292 168.1774151
299 297 56.09019219
299 302 28.05435526
300 298 52.9152334
300 301 27.12066894
300 303 24.25237076
301 300 27.12066894
302 299 28.05435526
302 297 65.99602158
302 305 108.8615946
303 300 24.25237076
303 304 41.74383503
303 307 40.94615438
304 303 41.74383503
305 298 64.87412328
305 302 108.8615946
305 306 21.1913285
306 305 21.1913285
307 303 40.94615438
308 309 615.8866662
309 308 615.8866662
309 269 1679.633252
309 319 1097.204719
309 322 594.968285
310 296 480.0141676
310 284 2294.670097
310 332 405.5301569
311 312 132.256537
312 311 132.256537
313 314 342.9986716
313 319 84.5867991
313 324 72.49806989
314 313 342.9986716
315 316 322.2066728
316 315 322.2066728
316 327 69.96062248
316 336 101.6041238
317 318 152.3353241
318 317 152.3353241
318 321 68.29000147
318 328 69.51746427
319 313 84.5867991
319 309 1097.204719
319 324 47.79283505
319 335 76.54997311
320 265 2715.221707
320 330 538.9625445
320 342 194.0196944
321 318 68.29000147
322 309 594.968285
322 323 1303.507622
322 399 989.8005507
323 322 1303.507622
324 313 72.49806989
324 319 47.79283505
324 327 16.45800736
324 335 57.18254503
325 326 12.35637232
326 325 12.35637232
326 338 104.0678943
326 341 124.7762911
327 316 69.96062248
327 324 16.45800736
327 336 60.79291694
327 337 54.70315595
328 318 69.51746427
328 329 140.1833957
328 339 90.4674203
329 328 140.1833957
330 331 192.5336506
330 320 538.9625445
330 379 1240.971994
331 330 192.5336506
332 310 405.5301569
332 333 1206.050815
332 376 537.7619163
333 334 1018.459822
333 332 1206.050815
333 393 825.820552
334 333 1018.459822
335 324 57.18254503
335 319 76.54997311
335 456 1608.041776
336 316 101.6041238
336 327 60.79291694
336 337 87.41392807
336 350 308.8359419
336 351 310.1612343
337 336 87.41392807
337 327 54.70315595
337 460 1640.431811
338 326 104.0678943
338 340 58.64180967
338 341 71.57494783
339 328 90.4674203
339 340 68.51723415
340 338 58.64180967
340 339 68.51723415
340 361 396.2810271
341 326 124.7762911
341 338 71.57494783
341 346 71.45705704
342 320 194.0196944
342 377 801.5742624
342 416 1083.84899
343 344 705.6765333
343 345 1069.82381
343 401 888.0867735
344 343 705.6765333
345 343 1069.82381
346 347 110.1531894
346 341 71.45705704
346 349 77.73959427
347 346 110.1531894
348 349 80.83753189
349 348 80.83753189
349 346 77.73959427
349 355 101.1901318
350 336 308.8359419
350 351 11.18856665
350 364 263.1682284
351 350 11.18856665
351 336 310.1612343
351 352 26.20136565
351 366 261.5937652
352 351 26.20136565
352 353 252.4820232
352 365 215.0536755
352 374 334.7196418
353 352 252.4820232
354 355 64.52048959
355 354 64.52048959
355 349 101.1901318
355 359 29.54653276
356 357 3.574078254
356 358 54.16800012
356 359 16.7258214
357 356 3.574078254
358 356 54.16800012
359 356 16.7258214
359 355 29.54653276
359 360 37.97207892
360 359 37.97207892
361 362 48.98551411
361 340 396.2810271
361 363 3.69502531
362 361 48.98551411
363 361 3.69502531
363 364 34.20022785
363 372 101.0653788
364 363 34.20022785
364 350 263.1682284
364 366 10.86971072
364 375 164.1630864
365 352 215.0536755
365 367 27.44730592
365 381 293.2975969
366 364 10.86971072
366 351 261.5937652
366 378 181.1457594
367 365 27.44730592
367 368 71.25340553
367 383 302.5555944
368 367 71.25340553
369 370 130.3047362
370 369 130.3047362
370 371 122.2404961
370 373 39.50698415
371 370 122.2404961
372 363 101.0653788
373 370 39.50698415
373 379 1163.245698
373 396 402.68791
374 352 334.7196418
374 380 164.6628853
374 381 233.2566012
375 364 164.1630864
376 332 537.7619163
376 382 694.5898794
376 386 248.1901551
377 342 801.5742624
378 366 181.1457594
379 330 1240.971994
379 373 1163.245698
379 396 1277.355066
380 374 164.6628853
381 374 233.2566012
381 365 293.2975969
381 388 173.8752369
382 376 694.5898794
382 385 467.2836698
382 485 1337.026853
383 367 302.5555944
383 384 47.35460967
383 394 195.447023
384 383 47.35460967
385 382 467.2836698
385 389 364.1825497
385 432 481.6526732
386 376 248.1901551
386 392 766.9785248
386 440 512.8622288
387 388 236.6971343
388 387 236.6971343
388 381 173.8752369
388 394 73.85501909
389 385 364.1825497
389 400 346.5592312
389 428 410.0792468
390 391 172.3567
390 397 88.06871124
390 398 196.5368691
391 390 172.3567
392 386 766.9785248
393 333 825.820552
393 395 262.3933928
393 404 71.09067521
394 388 73.85501909
394 383 195.447023
394 397 65.6818795
395 393 262.3933928
396 373 402.68791
396 379 1277.355066
396 417 281.543349
397 390 88.06871124
397 394 65.6818795
398 390 196.5368691
399 322 989.8005507
399 405 59.2338582
399 407 107.068009
400 389 346.5592312
400 401 60.989517
400 430 315.1505071
401 343 888.0867735
401 400 60.989517
401 416 912.6554939
402 403 314.621826
402 404 263.259992
402 406 501.2905103
402 411 122.1232474
403 402 314.621826
404 393 71.09067521
404 402 263.259992
404 413 120.44966
405 399 59.2338582
405 408 60.43865803
405 421 310.1293803
406 402 501.2905103
407 399 107.068009
408 405 60.43865803
408 409 31.5857221
408 421 245.1995854
409 408 31.5857221
409 410 191.4336972
409 412 27.65712057
410 409 191.4336972
411 402 122.1232474
411 446 303.0697488
412 409 27.65712057
412 422 160.7543709
412 423 241.9720549
413 404 120.44966
413 445 297.8405745
414 415 55.62263062
415 414 55.62263062
415 417 75.04902808
416 342 1083.84899
416 401 912.6554939
416 418 973.7363824
416 506 1294.566426
417 396 281.543349
417 415 75.04902808
417 452 541.9764573
418 419 72.00700161
418 420 348.2428475
418 416 973.7363824
419 418 72.00700161
420 418 348.2428475
421 405 310.1293803
421 408 245.1995854
421 423 62.01806652
422 412 160.7543709
422 424 36.33747651
422 436 81.18408206
423 421 62.01806652
423 412 241.9720549
423 424 358.0516159
424 422 36.33747651
424 423 358.0516159
424 438 148.5017227
425 426 347.3069338
425 427 171.5944234
425 430 129.7004214
425 482 796.0077885
426 425 347.3069338
427 425 171.5944234
428 389 410.0792468
428 429 131.401686
428 431 203.8649054
429 428 131.401686
429 430 203.9397885
429 471 512.3772933
430 425 129.7004214
430 400 315.1505071
430 429 203.9397885
431 428 203.8649054
431 432 142.9202084
431 484 795.1637582
432 431 142.9202084
432 385 481.6526732
432 433 261.66655
433 432 261.66655
433 434 228.7708446
433 435 124.0256913
434 433 228.7708446
435 433 124.0256913
436 422 81.18408206
436 437 66.19285294
436 452 482.3854722
437 436 66.19285294
437 439 15.85216627
437 454 574.5885976
438 424 148.5017227
439 437 15.85216627
439 452 530.0051159
439 457 584.8178191
440 386 512.8622288
440 445 1145.796198
440 477 564.6105083
440 503 1101.371125
441 442 451.1835226
441 444 35.83328098
441 453 91.21402919
442 441 451.1835226
443 444 456.8621862
444 443 456.8621862
444 441 35.83328098
444 447 489.2643549
444 448 28.50344803
445 413 297.8405745
445 440 1145.796198
445 446 269.0093222
446 445 269.0093222
446 411 303.0697488
446 447 132.8176277
447 446 132.8176277
447 444 489.2643549
448 444 28.50344803
448 453 71.83957108
448 473 429.7354231
448 476 1050.188074
449 450 119.2662565
449 451 8.678964355
449 455 129.6371777
450 449 119.2662565
451 449 8.678964355
452 439 530.0051159
452 436 482.3854722
452 417 541.9764573
452 474 644.7553947
452 494 1308.838937
453 448 71.83957108
453 441 91.21402919
453 472 361.8587983
453 472 434.0820003
454 437 574.5885976
454 456 322.665068
454 457 40.15249743
455 449 129.6371777
456 335 1608.041776
456 454 322.665068
456 460 224.171203
457 454 40.15249743
457 439 584.8178191
457 469 651.10853
458 459 13.41520243
459 458 13.41520243
459 461 13.12434438
459 465 263.0237485
460 337 1640.431811
460 456 224.171203
460 464 37.49592655
461 459 13.12434438
462 463 284.0227741
462 465 14.14192047
462 468 196.0224713
463 462 284.0227741
464 460 37.49592655
464 466 62.22839307
464 467 126.6742325
465 459 263.0237485
465 462 14.14192047
465 470 200.2131263
466 464 62.22839307
466 467 9.703092236
466 469 17.88115946
467 464 126.6742325
467 466 9.703092236
467 468 35.78372781
468 462 196.0224713
468 467 35.78372781
468 470 16.14347109
469 466 17.88115946
469 457 651.10853
469 470 47.19201993
470 465 200.2131263
470 468 16.14347109
470 469 47.19201993
470 481 402.9369548
471 429 512.3772933
472 453 361.8587983
472 453 434.0820003
472 473 36.27406823
472 501 507.3681933
473 448 429.7354231
473 472 36.27406823
473 478 118.9228075
473 504 505.3159248
474 452 644.7553947
474 475 88.92651921
474 495 669.6617863
475 474 88.92651921
476 448 1050.188074
476 477 1072.627377
476 554 1372.617941
477 440 564.6105083
477 476 1072.627377
477 479 118.0192057
478 473 118.9228075
479 477 118.0192057
479 480 606.3790943
479 493 261.8663282
480 479 606.3790943
481 470 402.9369548
481 491 165.1549613
481 510 510.6050087
482 425 796.0077885
482 483 596.9291506
482 496 228.5637468
483 482 596.9291506
483 484 69.34795163
483 492 178.9557717
484 483 69.34795163
484 431 795.1637582
484 490 205.8988557
485 382 1337.026853
485 487 76.64591841
485 498 694.3633576
486 487 453.5831857
487 486 453.5831857
487 485 76.64591841
487 489 259.5965819
488 489 593.2215074
489 488 593.2215074
489 487 259.5965819
489 490 69.40723183
490 484 205.8988557
490 489 69.40723183
490 500 240.3596725
491 481 165.1549613
492 483 178.9557717
493 479 261.8663282
493 514 364.5319482
493 516 365.2002044
494 452 1308.838937
494 495 13.87383211
494 512 407.2444627
495 474 669.6617863
495 494 13.87383211
495 505 143.1492458
496 482 228.5637468
496 497 177.4041154
496 506 557.363354
497 496 177.4041154
498 485 694.3633576
498 499 542.7436011
498 503 74.38806791
499 498 542.7436011
499 500 399.3818064
499 542 554.1680855
500 490 240.3596725
500 499 399.3818064
500 521 353.8368043
501 472 507.3681933
501 502 270.0235423
501 504 35.85422313
501 507 25.14009257
502 501 270.0235423
503 498 74.38806791
503 440 1101.371125
503 560 623.9429939
504 473 505.3159248
504 501 35.85422313
504 509 25.39522473
504 517 1393.4337
505 495 143.1492458
505 513 264.7364684
505 548 536.9591922
506 416 1294.566426
506 496 557.363354
506 522 332.3789512
507 501 25.14009257
507 508 228.066484
507 509 35.98201527
507 519 259.2267669
508 507 228.066484
509 504 25.39522473
509 507 35.98201527
509 518 1392.912726
509 520 255.4597979
510 511 195.7162073
510 481 510.6050087
510 527 460.3023873
511 510 195.7162073
512 494 407.2444627
512 513 19.14590336
512 535 834.8491303
513 505 264.7364684
513 512 19.14590336
513 541 837.3104503
514 493 364.5319482
514 515 216.1041142
514 516 283.7366048
514 546 369.0918739
515 514 216.1041142
516 493 365.2002044
516 514 283.7366048
516 684 746.1960915
517 504 1393.4337
518 509 1392.912726
519 507 259.2267669
520 509 255.4597979
521 500 353.8368043
521 563 1129.160383
522 506 332.3789512
522 523 403.7849248
522 588 394.0283913
523 522 403.7849248
524 525 89.93837197
524 531 154.2883927
525 524 89.93837197
525 529 93.88559979
525 534 131.6815688
526 527 337.701598
527 526 337.701598
527 510 460.3023873
527 528 10.30448259
528 527 10.30448259
529 525 93.88559979
529 530 12.71988675
529 531 21.27937121
530 529 12.71988675
530 532 28.97341547
530 533 40.54956585
531 524 154.2883927
531 529 21.27937121
531 532 20.82828983
532 531 20.82828983
532 530 28.97341547
532 539 35.4014192
533 530 40.54956585
533 534 19.71349162
533 540 35.88204043
534 533 19.71349162
534 525 131.6815688
534 536 12.61920949
535 512 834.8491303
535 541 16.28466908
535 583 421.048881
536 534 12.61920949
536 543 38.70693152
536 545 67.766134
537 538 56.88402387
537 544 38.72827377
537 568 106.630757
538 537 56.88402387
538 557 106.2306144
539 532 35.4014192
539 540 17.8637723
539 545 56.31158792
540 539 17.8637723
540 533 35.88204043
540 543 11.72189176
541 513 837.3104503
541 535 16.28466908
541 559 114.6067116
541 591 420.5157025
542 499 554.1680855
543 540 11.72189176
543 536 38.70693152
543 545 12.02934965
544 537 38.72827377
545 543 12.02934965
545 536 67.766134
545 539 56.31158792
546 514 369.0918739
547 548 388.2248121
548 547 388.2248121
548 505 536.9591922
548 565 66.7497881
548 573 265.1711755
549 550 18.49369798
550 549 18.49369798
551 552 23.06889585
552 551 23.06889585
552 553 35.27343911
552 567 64.64014675
552 621 233.7815543
553 552 35.27343911
554 476 1372.617941
554 580 80.13558844
554 581 226.5308345
555 556 2594.537037
556 555 2594.537037
557 538 106.2306144
557 558 46.1659146
557 568 59.689249
558 557 46.1659146
559 541 114.6067116
559 600 212.3101494
559 1276 2369.767355
560 561 250.9876801
560 503 623.9429939
560 629 223.3760528
561 560 250.9876801
562 563 61.4533835
563 562 61.4533835
563 521 1129.160383
563 564 76.00656016
563 588 312.9920928
564 563 76.00656016
565 548 66.7497881
565 589 1056.008879
565 712 373.5661752
566 567 51.40201963
567 566 51.40201963
567 552 64.64014675
567 574 49.49972209
567 582 66.36838079
568 537 106.630757
568 557 59.689249
568 572 67.04361919
569 570 33.81533729
569 574 95.30152424
569 584 107.5096231
570 569 33.81533729
571 572 35.61468077
572 571 35.61468077
572 568 67.04361919
572 576 54.41316612
573 548 265.1711755
574 569 95.30152424
574 567 49.49972209
574 605 142.3616739
575 576 9.572687053
576 575 9.572687053
576 572 54.41316612
576 593 59.8195701
577 578 51.24712705
578 577 51.24712705
578 579 104.8295467
578 584 51.25309147
578 592 86.71313427
579 578 104.8295467
580 554 80.13558844
581 554 226.5308345
582 567 66.36838079
582 613 150.683866
582 618 119.9909663
583 535 421.048881
583 591 23.3435173
583 731 672.8717699
584 578 51.25309147
584 569 107.5096231
584 605 68.06899175
585 586 166.4966619
586 585 166.4966619
586 587 103.1956277
586 667 293.5162426
587 586 103.1956277
588 522 394.0283913
588 563 312.9920928
588 590 7.45355503
589 565 1056.008879
590 588 7.45355503
590 720 333.8041341
590 781 744.2837541
591 541 420.5157025
591 583 23.3435173
591 748 671.6429667
592 578 86.71313427
592 602 54.08430964
592 620 96.00492453
593 576 59.8195701
593 594 241.6375663
593 606 121.175733
594 593 241.6375663
595 596 8.963206291
595 597 29.19405571
595 599 13.84677675
596 595 8.963206291
596 610 53.02364874
596 616 152.2424814
597 598 549.150249
597 595 29.19405571
597 640 116.0066432
598 597 549.150249
598 634 177.3111684
598 634 115.1961029
599 595 13.84677675
599 611 39.98916291
599 611 96.44129414
600 559 212.3101494
601 602 25.91446398
601 632 229.982058
602 601 25.91446398
602 592 54.08430964
602 614 39.63905031
603 604 195.5726518
603 53514 81.03199969
604 603 195.5726518
605 584 68.06899175
605 574 142.3616739
605 613 63.6939508
605 615 34.59767966
606 593 121.175733
606 619 74.20363048
606 623 60.27779411
607 608 1.714840606
608 607 1.714840606
608 609 3.118947041
608 622 49.98709021
609 608 3.118947041
610 596 53.02364874
610 612 4.086533401
610 617 41.20031772
611 599 39.98916291
611 612 11.9667413
611 599 96.44129414
612 611 11.9667413
612 610 4.086533401
612 617 22.96474252
613 605 63.6939508
613 582 150.683866
613 618 99.28954191
613 655 113.9391872
614 602 39.63905031
614 628 50.23354361
614 639 109.8379531
615 605 34.59767966
615 620 90.02874664
615 709 208.6858995
616 596 152.2424814
617 612 22.96474252
617 610 41.20031772
617 640 65.06680402
618 613 99.28954191
618 582 119.9909663
618 621 66.13049715
618 658 94.57496334
619 606 74.20363048
620 592 96.00492453
620 615 90.02874664
620 628 52.81658416
621 618 66.13049715
621 552 233.7815543
621 659 89.50260533
622 608 49.98709021
622 625 93.05615206
622 668 99.18707251
623 606 60.27779411
623 624 343.4366677
623 644 49.77217167
623 650 102.4996153
624 623 343.4366677
625 622 93.05615206
626 627 296.0974762
627 626 296.0974762
627 680 234.603616
627 699 149.2127943
628 614 50.23354361
628 620 52.81658416
628 652 109.2858681
629 560 223.3760528
629 767 270.7979772
629 923 528.9983163
630 631 33.61978443
630 643 23.04448948
630 653 96.88930657
631 630 33.61978443
632 633 42.72919739
632 601 229.982058
632 674 123.6840362
633 632 42.72919739
634 598 177.3111684
634 598 115.1961029
634 853 527.6894656
635 636 281.2730402
635 637 284.3427448
635 887 469.1199131
636 635 281.2730402
637 635 284.3427448
638 639 37.48958744
639 638 37.48958744
639 614 109.8379531
639 652 52.9113675
640 597 116.0066432
640 617 65.06680402
640 703 162.7797092
641 642 0.102448266
641 651 50.30672702
641 740 218.9429779
642 641 0.102448266
643 630 23.04448948
644 623 49.77217167
644 647 7.837002382
644 666 89.85011577
645 646 56.27913414
646 645 56.27913414
647 644 7.837002382
647 648 312.7153129
647 697 94.59590056
648 647 312.7153129
649 650 54.08717082
650 649 54.08717082
650 623 102.4996153
650 666 43.93176958
651 641 50.30672702
651 690 120.8002216
651 754 194.2027892
652 639 52.9113675
652 628 109.2858681
652 664 49.29584263
652 710 119.9331398
653 654 23.55461623
653 630 96.88930657
653 688 61.45491859
654 653 23.55461623
655 613 113.9391872
655 658 123.566191
655 665 19.92479091
656 657 94.41089691
657 656 94.41089691
658 655 123.566191
658 618 94.57496334
658 659 66.0944572
658 727 115.9840002
659 658 66.0944572
659 621 89.50260533
659 729 118.61196
660 661 100.9720659
660 662 12.39674893
660 663 21.89620668
660 677 16.51218752
661 660 100.9720659
662 660 12.39674893
663 660 21.89620668
664 652 49.29584263
664 674 37.74422756
664 739 140.7056328
665 655 19.92479091
666 650 43.93176958
666 644 89.85011577
667 586 293.5162426
667 668 79.67041787
667 814 265.3468114
668 667 79.67041787
668 622 99.18707251
668 669 43.0559816
669 668 43.0559816
669 670 75.71146595
669 671 17.00690001
670 669 75.71146595
671 669 17.00690001
671 672 5.907381617
671 803 215.9033794
672 671 5.907381617
672 673 76.49997172
672 675 24.09973371
673 672 76.49997172
674 632 123.6840362
674 664 37.74422756
674 686 65.52537317
675 672 24.09973371
675 676 49.10700398
675 677 135.407449
676 675 49.10700398
677 675 135.407449
677 660 16.51218752
677 678 39.67388335
677 681 14.2054304
678 677 39.67388335
678 679 6.868545815
678 683 14.07953424
679 678 6.868545815
680 627 234.603616
681 682 100.8013513
681 677 14.2054304
681 683 41.06691833
681 694 22.36733381
682 681 100.8013513
683 681 41.06691833
683 678 14.07953424
683 696 22.96157063
684 516 746.1960915
684 687 451.0405154
684 693 17.83005746
685 686 159.1916448
686 685 159.1916448
686 674 65.52537317
687 684 451.0405154
688 689 35.33681184
688 653 61.45491859
688 700 29.93648458
689 688 35.33681184
690 651 120.8002216
690 711 68.63713591
690 763 138.8085603
691 692 94.16108458
692 691 94.16108458
693 684 17.83005746
693 759 105.1431994
693 759 549.118068
694 695 55.38106516
694 681 22.36733381
694 696 43.33533758
694 704 21.15868252
695 694 55.38106516
696 694 43.33533758
696 683 22.96157063
696 706 21.12968341
697 647 94.59590056
697 776 249.2768585
698 699 45.15489201
699 698 45.15489201
699 627 149.2127943
699 721 167.4886015
700 688 29.93648458
700 725 78.46898338
700 787 162.0436756
701 702 39.56487825
702 701 39.56487825
703 640 162.7797092
703 726 58.04891286
703 787 125.0781301
704 705 55.76400113
704 694 21.15868252
704 706 45.41235939
704 722 22.76652545
705 704 55.76400113
706 704 45.41235939
706 696 21.12968341
706 724 22.48605694
707 708 82.62048711
708 707 82.62048711
709 615 208.6858995
709 710 103.620364
709 736 43.34731002
710 652 119.9331398
710 709 103.620364
711 690 68.63713591
711 732 57.69847928
711 768 103.9149744
712 565 373.5661752
712 755 1137.008587
712 774 84.57864842
713 730 34.17685138
713 730 39.75944657
714 715 12.69936583
714 716 21.97986359
714 717 44.73073196
714 737 32.79182173
715 714 12.69936583
716 714 21.97986359
717 714 44.73073196
718 719 50.12595203
719 718 50.12595203
720 590 333.8041341
720 762 486.2004272
720 1143 838.209669
721 699 167.4886015
722 723 57.19823367
722 704 22.76652545
722 724 46.59106798
722 733 21.19192732
723 722 57.19823367
724 722 46.59106798
724 706 22.48605694
724 735 21.0630648
725 700 78.46898338
725 726 18.33200913
725 726 27.08433021
726 703 58.04891286
726 725 18.33200913
726 725 27.08433021
727 728 49.10379642
727 658 115.9840002
727 729 55.78163043
727 752 28.33534333
728 727 49.10379642
729 727 55.78163043
729 659 118.61196
729 753 29.54487506
730 713 34.17685138
730 713 39.75944657
731 583 672.8717699
731 748 16.11345311
731 818 315.1782007
732 711 57.69847928
732 741 19.79754152
732 777 74.8106087
733 734 101.5555178
733 722 21.19192732
733 735 47.70050575
734 733 101.5555178
735 733 47.70050575
735 724 21.0630648
735 751 11.26551976
736 709 43.34731002
736 745 3.63818268
736 747 116.2285859
737 714 32.79182173
737 738 80.34134926
737 743 68.7506257
737 771 43.11291108
738 737 80.34134926
739 664 140.7056328
740 641 218.9429779
740 754 54.32516606
740 789 72.9061549
741 742 41.28455301
741 732 19.79754152
741 761 47.56431251
742 741 41.28455301
743 744 92.0375305
743 737 68.7506257
743 750 19.2426094
743 773 42.46181134
744 743 92.0375305
745 746 112.7978613
745 736 3.63818268
745 764 28.08487515
746 745 112.7978613
747 736 116.2285859
747 752 89.627444
747 765 30.6067466
748 591 671.6429667
748 731 16.11345311
748 833 331.3786518
749 750 103.8059726
750 749 103.8059726
750 743 19.2426094
750 751 21.33894339
750 790 70.52683692
751 735 11.26551976
751 750 21.33894339
751 758 20.48455921
752 747 89.627444
752 727 28.33534333
752 753 53.11444644
753 752 53.11444644
753 729 29.54487506
753 766 29.46512887
754 651 194.2027892
754 740 54.32516606
754 757 59.50190621
755 712 1137.008587
756 757 104.2416607
757 756 104.2416607
757 754 59.50190621
757 763 62.91178237
758 751 20.48455921
758 760 82.86444438
758 778 28.84806398
759 693 105.1431994
759 693 549.118068
759 858 183.6063071
760 758 82.86444438
761 741 47.56431251
761 804 136.7157405
761 811 192.1448648
762 720 486.2004272
763 690 138.8085603
763 757 62.91178237
763 768 79.76122196
764 745 28.08487515
764 765 112.9255317
764 769 12.49370036
765 764 112.9255317
765 747 30.6067466
765 766 140.1409134
765 785 29.03932818
766 765 140.1409134
766 753 29.46512887
766 786 29.65584675
767 629 270.7979772
768 711 103.9149744
768 763 79.76122196
768 777 66.68620655
769 770 161.2213851
769 764 12.49370036
769 784 16.24061488
770 769 161.2213851
771 737 43.11291108
771 772 87.86921417
771 773 64.19651111
771 788 30.25329782
772 771 87.86921417
773 743 42.46181134
773 771 64.19651111
774 712 84.57864842
774 775 315.653353
774 817 157.9135658
775 774 315.653353
776 697 249.2768585
777 732 74.8106087
777 768 66.68620655
777 811 77.97241684
778 758 28.84806398
778 779 27.60678543
778 800 40.91308991
779 778 27.60678543
779 780 28.59612745
779 809 58.35074457
780 779 28.59612745
780 783 98.12267916
780 806 52.71934429
781 590 744.2837541
781 782 114.8434648
781 818 128.7583219
782 781 114.8434648
783 780 98.12267916
784 769 16.24061488
784 785 110.5765383
784 797 28.55554808
785 784 110.5765383
785 765 29.03932818
785 786 137.4103638
785 798 27.91366052
786 785 137.4103638
786 766 29.65584675
786 799 27.44378489
787 703 125.0781301
787 700 162.0436756
787 853 129.6873079
788 771 30.25329782
788 790 80.69187328
788 791 79.85355861
788 801 22.90331022
789 740 72.9061549
789 811 288.0683802
789 816 53.51131852
790 750 70.52683692
790 788 80.69187328
791 788 79.85355861
792 793 68.55916697
793 792 68.55916697
793 794 78.21551789
793 795 117.4936152
793 826 65.60962552
794 793 78.21551789
795 793 117.4936152
796 797 192.5403205
796 810 31.31431949
797 796 192.5403205
797 784 28.55554808
797 798 109.7504808
797 812 30.61740165
798 797 109.7504808
798 785 27.91366052
798 799 133.7826594
798 813 31.04093763
799 798 133.7826594
799 786 27.44378489
799 815 31.93975902
800 778 40.91308991
800 801 102.7231115
801 800 102.7231115
801 788 22.90331022
801 802 78.89584264
801 839 79.86352705
802 801 78.89584264
803 671 215.9033794
803 814 61.79031161
803 867 219.1519833
804 805 60.72445162
804 761 136.7157405
804 808 6.865649172
804 1177 682.9755737
805 804 60.72445162
806 780 52.71934429
807 808 61.47836639
808 807 61.47836639
808 804 6.865649172
808 892 180.0404336
809 779 58.35074457
810 796 31.31431949
810 812 188.9263811
810 830 31.52463084
811 777 77.97241684
811 789 288.0683802
811 761 192.1448648
812 810 188.9263811
812 797 30.61740165
812 813 108.8410131
812 831 30.91705297
813 812 108.8410131
813 798 31.04093763
813 815 129.5732643
813 832 29.87149211
814 667 265.3468114
814 803 61.79031161
815 813 129.5732643
815 799 31.93975902
816 789 53.51131852
817 774 157.9135658
817 1031 767.7019054
817 1149 532.2427324
818 731 315.1782007
818 781 128.7583219
818 824 6.548893702
819 820 623.5069086
820 819 623.5069086
820 821 628.573221
820 829 9.363762042
820 848 57.9085992
821 820 628.573221
822 823 20.30419365
822 828 23.36860913
822 865 99.71134184
823 822 20.30419365
823 862 100.0326978
824 818 6.548893702
824 833 20.47718095
824 979 593.2162755
825 826 129.6134843
826 825 129.6134843
826 793 65.60962552
826 827 124.3050006
826 855 66.8060309
827 826 124.3050006
828 822 23.36860913
828 877 98.92996823
829 820 9.363762042
829 53517 1043.305957
829 53518 1043.305957
830 810 31.52463084
830 831 186.2440208
830 834 26.85657024
831 830 186.2440208
831 812 30.91705297
831 832 107.1262046
831 835 25.89536278
832 831 107.1262046
832 813 29.87149211
832 854 47.76509375
833 748 331.3786518
833 824 20.47718095
833 994 584.2293014
834 830 26.85657024
834 835 184.2223092
834 929 154.0009492
835 834 184.2223092
835 831 25.89536278
835 878 68.30867363
836 837 45.03237893
836 838 26.90895104
836 839 40.88733092
837 836 45.03237893
838 836 26.90895104
839 801 79.86352705
839 836 40.88733092
839 840 23.35321797
839 851 14.74154892
840 841 58.95899273
840 839 23.35321797
840 843 19.65037851
841 840 58.95899273
842 843 58.27833002
843 842 58.27833002
843 840 19.65037851
843 845 17.32850227
844 845 60.96520395
845 844 60.96520395
845 843 17.32850227
845 846 68.97237871
846 845 68.97237871
846 849 43.62432248
846 861 35.05689142
847 848 371.2040407
848 847 371.2040407
848 820 57.9085992
848 902 112.9243812
849 846 43.62432248
